3.837000000000000000e+03
9.976000000000000000e+03
3.021000000000000000e+03
1.622600000000000000e+04
1.198200000000000000e+04
5.270000000000000000e+02
1.744700000000000000e+04
6.154000000000000000e+03
5.445000000000000000e+03
9.449000000000000000e+03
1.967800000000000000e+04
1.526500000000000000e+04
1.588000000000000000e+04
1.716900000000000000e+04
9.543000000000000000e+03
2.986000000000000000e+03
1.082800000000000000e+04
1.823100000000000000e+04
9.870000000000000000e+03
1.162300000000000000e+04
1.771800000000000000e+04
1.681800000000000000e+04
8.888000000000000000e+03
1.523500000000000000e+04
7.111000000000000000e+03
3.140000000000000000e+03
6.330000000000000000e+03
1.173000000000000000e+04
5.491000000000000000e+03
2.564000000000000000e+03
1.107500000000000000e+04
1.086300000000000000e+04
5.399000000000000000e+03
1.344000000000000000e+03
1.866000000000000000e+04
5.759000000000000000e+03
1.289600000000000000e+04
1.668000000000000000e+04
1.194700000000000000e+04
8.532000000000000000e+03
1.568500000000000000e+04
1.077800000000000000e+04
1.280800000000000000e+04
4.378000000000000000e+03
1.950200000000000000e+04
1.525900000000000000e+04
1.857400000000000000e+04
3.595000000000000000e+03
1.642300000000000000e+04
1.831200000000000000e+04
6.398000000000000000e+03
1.734900000000000000e+04
1.909900000000000000e+04
1.328600000000000000e+04
1.832100000000000000e+04
1.486300000000000000e+04
4.065000000000000000e+03
1.819300000000000000e+04
6.118000000000000000e+03
1.497200000000000000e+04
4.749000000000000000e+03
1.095800000000000000e+04
1.109000000000000000e+03
8.170000000000000000e+03
1.984000000000000000e+03
1.634900000000000000e+04
8.430000000000000000e+02
9.284000000000000000e+03
1.037800000000000000e+04
6.803000000000000000e+03
3.704000000000000000e+03
1.218600000000000000e+04
1.969900000000000000e+04
8.670000000000000000e+02
4.549000000000000000e+03
1.853600000000000000e+04
5.772000000000000000e+03
1.334400000000000000e+04
2.067000000000000000e+03
7.410000000000000000e+03
6.921000000000000000e+03
1.929100000000000000e+04
1.041000000000000000e+03
1.530400000000000000e+04
1.161000000000000000e+04
8.442000000000000000e+03
3.988000000000000000e+03
1.002200000000000000e+04
1.684000000000000000e+03
7.068000000000000000e+03
1.810400000000000000e+04
9.904000000000000000e+03
1.075100000000000000e+04
1.820200000000000000e+04
1.758800000000000000e+04
1.175000000000000000e+04
1.706300000000000000e+04
4.673000000000000000e+03
4.762000000000000000e+03
1.448000000000000000e+04
1.173700000000000000e+04
1.514000000000000000e+03
8.737000000000000000e+03
1.737200000000000000e+04
4.885000000000000000e+03
1.035100000000000000e+04
1.878800000000000000e+04
1.048200000000000000e+04
2.267000000000000000e+03
1.310800000000000000e+04
1.814600000000000000e+04
1.784200000000000000e+04
1.604000000000000000e+04
1.004500000000000000e+04
1.903300000000000000e+04
8.363000000000000000e+03
4.329000000000000000e+03
1.753600000000000000e+04
6.859000000000000000e+03
1.454200000000000000e+04
9.270000000000000000e+02
1.899100000000000000e+04
1.241200000000000000e+04
1.698000000000000000e+03
1.533600000000000000e+04
1.158500000000000000e+04
6.520000000000000000e+03
3.283000000000000000e+03
1.015400000000000000e+04
1.279200000000000000e+04
1.373400000000000000e+04
4.088000000000000000e+03
1.403700000000000000e+04
1.607900000000000000e+04
1.553500000000000000e+04
1.681200000000000000e+04
1.834200000000000000e+04
5.866000000000000000e+03
1.660500000000000000e+04
8.959000000000000000e+03
1.611300000000000000e+04
5.233000000000000000e+03
3.090000000000000000e+03
1.686200000000000000e+04
2.968000000000000000e+03
8.242000000000000000e+03
1.820900000000000000e+04
8.474000000000000000e+03
6.896000000000000000e+03
7.542000000000000000e+03
1.913400000000000000e+04
8.700000000000000000e+02
9.657000000000000000e+03
1.681500000000000000e+04
6.745000000000000000e+03
3.454000000000000000e+03
1.806300000000000000e+04
5.749000000000000000e+03
1.559400000000000000e+04
2.405000000000000000e+03
1.791000000000000000e+03
4.108000000000000000e+03
1.100600000000000000e+04
1.471600000000000000e+04
1.853900000000000000e+04
1.004900000000000000e+04
1.182400000000000000e+04
1.024000000000000000e+04
9.044000000000000000e+03
1.501000000000000000e+04
3.280000000000000000e+02
9.724000000000000000e+03
6.418000000000000000e+03
1.609500000000000000e+04
1.177500000000000000e+04
3.957000000000000000e+03
8.346000000000000000e+03
5.457000000000000000e+03
1.058600000000000000e+04
1.649200000000000000e+04
1.885400000000000000e+04
1.340000000000000000e+03
9.542000000000000000e+03
5.334000000000000000e+03
1.642000000000000000e+04
5.084000000000000000e+03
1.865600000000000000e+04
1.453300000000000000e+04
1.007900000000000000e+04
4.024000000000000000e+03
8.993000000000000000e+03
1.077400000000000000e+04
1.519200000000000000e+04
1.364000000000000000e+03
8.261000000000000000e+03
4.883000000000000000e+03
1.140600000000000000e+04
1.922100000000000000e+04
1.697700000000000000e+04
1.212700000000000000e+04
1.445600000000000000e+04
1.310200000000000000e+04
1.186200000000000000e+04
3.090000000000000000e+02
7.035000000000000000e+03
1.064100000000000000e+04
2.000000000000000000e+00
3.569000000000000000e+03
4.002000000000000000e+03
4.595000000000000000e+03
1.266000000000000000e+04
1.447900000000000000e+04
8.256000000000000000e+03
1.703700000000000000e+04
1.077100000000000000e+04
1.741400000000000000e+04
4.619000000000000000e+03
8.780000000000000000e+03
5.423000000000000000e+03
1.798300000000000000e+04
1.232900000000000000e+04
2.985000000000000000e+03
1.066300000000000000e+04
1.929800000000000000e+04
6.502000000000000000e+03
1.444400000000000000e+04
6.349000000000000000e+03
1.154900000000000000e+04
6.320000000000000000e+02
1.409100000000000000e+04
9.088000000000000000e+03
9.638000000000000000e+03
4.705000000000000000e+03
9.586000000000000000e+03
8.738000000000000000e+03
7.303000000000000000e+03
1.679900000000000000e+04
6.211000000000000000e+03
1.643700000000000000e+04
3.648000000000000000e+03
1.332100000000000000e+04
1.282600000000000000e+04
1.134100000000000000e+04
1.693000000000000000e+04
1.550000000000000000e+04
9.750000000000000000e+02
1.441300000000000000e+04
2.285000000000000000e+03
1.741000000000000000e+03
1.298200000000000000e+04
2.832000000000000000e+03
7.085000000000000000e+03
1.421500000000000000e+04
8.533000000000000000e+03
8.072000000000000000e+03
6.770000000000000000e+03
1.337300000000000000e+04
1.438000000000000000e+04
1.778700000000000000e+04
4.291000000000000000e+03
1.672400000000000000e+04
8.638000000000000000e+03
1.224600000000000000e+04
7.693000000000000000e+03
1.280500000000000000e+04
1.494600000000000000e+04
6.752000000000000000e+03
1.150000000000000000e+03
3.063000000000000000e+03
1.490600000000000000e+04
1.197300000000000000e+04
3.842000000000000000e+03
1.451600000000000000e+04
6.588000000000000000e+03
1.411100000000000000e+04
1.095900000000000000e+04
1.782800000000000000e+04
8.960000000000000000e+03
1.295000000000000000e+04
8.801000000000000000e+03
1.703000000000000000e+03
1.935700000000000000e+04
1.419300000000000000e+04
9.454000000000000000e+03
5.685000000000000000e+03
1.452900000000000000e+04
1.508100000000000000e+04
2.875000000000000000e+03
5.668000000000000000e+03
2.288000000000000000e+03
1.731000000000000000e+03
2.909000000000000000e+03
7.153000000000000000e+03
1.810200000000000000e+04
6.124000000000000000e+03
1.508000000000000000e+03
7.900000000000000000e+02
1.221500000000000000e+04
4.150000000000000000e+02
1.604300000000000000e+04
9.582000000000000000e+03
9.080000000000000000e+03
1.523300000000000000e+04
1.808300000000000000e+04
5.146000000000000000e+03
1.614900000000000000e+04
1.119900000000000000e+04
1.518300000000000000e+04
1.574700000000000000e+04
1.011000000000000000e+03
1.694300000000000000e+04
1.736000000000000000e+04
7.820000000000000000e+03
8.159000000000000000e+03
2.337000000000000000e+03
3.955000000000000000e+03
3.469000000000000000e+03
1.188000000000000000e+03
1.841400000000000000e+04
1.474800000000000000e+04
1.555100000000000000e+04
9.147000000000000000e+03
3.503000000000000000e+03
2.944000000000000000e+03
1.756800000000000000e+04
3.916000000000000000e+03
9.313000000000000000e+03
5.706000000000000000e+03
7.900000000000000000e+01
1.537000000000000000e+03
1.419900000000000000e+04
2.565000000000000000e+03
5.881000000000000000e+03
1.595500000000000000e+04
1.589000000000000000e+03
1.017200000000000000e+04
1.381800000000000000e+04
7.661000000000000000e+03
1.013700000000000000e+04
1.761200000000000000e+04
1.545400000000000000e+04
1.310900000000000000e+04
1.517900000000000000e+04
2.191000000000000000e+03
1.532700000000000000e+04
3.925000000000000000e+03
1.855000000000000000e+03
1.962100000000000000e+04
4.867000000000000000e+03
1.382400000000000000e+04
1.187400000000000000e+04
1.216100000000000000e+04
2.000000000000000000e+03
1.714100000000000000e+04
1.939100000000000000e+04
2.978000000000000000e+03
1.455900000000000000e+04
1.739700000000000000e+04
6.361000000000000000e+03
1.021400000000000000e+04
5.901000000000000000e+03
1.587800000000000000e+04
1.088100000000000000e+04
2.885000000000000000e+03
7.808000000000000000e+03
8.952000000000000000e+03
1.470500000000000000e+04
1.729100000000000000e+04
1.917800000000000000e+04
7.076000000000000000e+03
1.823700000000000000e+04
1.480700000000000000e+04
1.401600000000000000e+04
1.636300000000000000e+04
2.359000000000000000e+03
1.419000000000000000e+03
1.066900000000000000e+04
1.909500000000000000e+04
9.029000000000000000e+03
1.963100000000000000e+04
5.928000000000000000e+03
2.507000000000000000e+03
8.428000000000000000e+03
6.424000000000000000e+03
6.460000000000000000e+03
1.315100000000000000e+04
4.900000000000000000e+01
2.482000000000000000e+03
5.599000000000000000e+03
5.211000000000000000e+03
1.266000000000000000e+03
1.946600000000000000e+04
9.500000000000000000e+01
1.288900000000000000e+04
1.706800000000000000e+04
1.724500000000000000e+04
1.658000000000000000e+03
8.854000000000000000e+03
4.398000000000000000e+03
1.848900000000000000e+04
2.151000000000000000e+03
1.539400000000000000e+04
3.990000000000000000e+03
1.959000000000000000e+03
1.560300000000000000e+04
8.946000000000000000e+03
8.795000000000000000e+03
1.587200000000000000e+04
1.964400000000000000e+04
1.463100000000000000e+04
5.188000000000000000e+03
4.097000000000000000e+03
1.485300000000000000e+04
7.671000000000000000e+03
1.326400000000000000e+04
1.199100000000000000e+04
2.908000000000000000e+03
1.103000000000000000e+03
4.723000000000000000e+03
6.194000000000000000e+03
4.020000000000000000e+03
1.113700000000000000e+04
1.174700000000000000e+04
1.086400000000000000e+04
1.785200000000000000e+04
5.128000000000000000e+03
5.160000000000000000e+02
9.287000000000000000e+03
6.939000000000000000e+03
3.253000000000000000e+03
1.799700000000000000e+04
1.332000000000000000e+04
4.785000000000000000e+03
1.845600000000000000e+04
4.121000000000000000e+03
7.200000000000000000e+01
1.390500000000000000e+04
1.008400000000000000e+04
1.259000000000000000e+03
9.209000000000000000e+03
1.322300000000000000e+04
2.864000000000000000e+03
1.303900000000000000e+04
5.120000000000000000e+03
1.579000000000000000e+03
1.314500000000000000e+04
1.503500000000000000e+04
3.875000000000000000e+03
1.335000000000000000e+03
8.282000000000000000e+03
9.923000000000000000e+03
5.268000000000000000e+03
3.373000000000000000e+03
9.737000000000000000e+03
1.702400000000000000e+04
8.438000000000000000e+03
2.473000000000000000e+03
9.206000000000000000e+03
1.055500000000000000e+04
6.605000000000000000e+03
2.925000000000000000e+03
7.741000000000000000e+03
2.551000000000000000e+03
4.700000000000000000e+03
3.986000000000000000e+03
1.054600000000000000e+04
1.698700000000000000e+04
3.336000000000000000e+03
1.199000000000000000e+04
1.162500000000000000e+04
1.947800000000000000e+04
8.489000000000000000e+03
2.059000000000000000e+03
1.135000000000000000e+04
1.455000000000000000e+03
7.745000000000000000e+03
7.593000000000000000e+03
1.094000000000000000e+03
2.109000000000000000e+03
3.578000000000000000e+03
4.390000000000000000e+03
1.091700000000000000e+04
7.752000000000000000e+03
1.502200000000000000e+04
1.207800000000000000e+04
1.575000000000000000e+03
1.844700000000000000e+04
1.480300000000000000e+04
3.432000000000000000e+03
1.112700000000000000e+04
1.038400000000000000e+04
1.439100000000000000e+04
1.645400000000000000e+04
1.410900000000000000e+04
1.018900000000000000e+04
1.950000000000000000e+04
8.941000000000000000e+03
2.070000000000000000e+02
5.316000000000000000e+03
1.088800000000000000e+04
1.405800000000000000e+04
7.384000000000000000e+03
1.942700000000000000e+04
1.630200000000000000e+04
7.430000000000000000e+03
6.783000000000000000e+03
1.489800000000000000e+04
1.125300000000000000e+04
8.164000000000000000e+03
1.732600000000000000e+04
1.427000000000000000e+04
1.057900000000000000e+04
1.541900000000000000e+04
1.456100000000000000e+04
1.067400000000000000e+04
5.026000000000000000e+03
9.180000000000000000e+03
7.610000000000000000e+03
3.794000000000000000e+03
1.598300000000000000e+04
1.672700000000000000e+04
1.075200000000000000e+04
1.316700000000000000e+04
3.520000000000000000e+03
1.526000000000000000e+03
2.202000000000000000e+03
7.520000000000000000e+02
1.858200000000000000e+04
6.842000000000000000e+03
9.459000000000000000e+03
8.103000000000000000e+03
1.622700000000000000e+04
1.427100000000000000e+04
1.103200000000000000e+04
9.304000000000000000e+03
7.503000000000000000e+03
9.291000000000000000e+03
2.307000000000000000e+03
1.647400000000000000e+04
1.310100000000000000e+04
1.302900000000000000e+04
4.501000000000000000e+03
6.632000000000000000e+03
1.232000000000000000e+04
1.000700000000000000e+04
1.543200000000000000e+04
1.436500000000000000e+04
1.640200000000000000e+04
4.016000000000000000e+03
8.663000000000000000e+03
1.537900000000000000e+04
4.861000000000000000e+03
3.502000000000000000e+03
9.130000000000000000e+02
3.575000000000000000e+03
1.022000000000000000e+03
1.259800000000000000e+04
1.068200000000000000e+04
1.733400000000000000e+04
5.212000000000000000e+03
1.808400000000000000e+04
6.286000000000000000e+03
1.624200000000000000e+04
7.718000000000000000e+03
8.910000000000000000e+02
6.778000000000000000e+03
9.489000000000000000e+03
3.937000000000000000e+03
1.071500000000000000e+04
1.939500000000000000e+04
1.096300000000000000e+04
9.932000000000000000e+03
9.100000000000000000e+02
4.296000000000000000e+03
1.801000000000000000e+04
1.759700000000000000e+04
1.265000000000000000e+04
3.120000000000000000e+03
7.099000000000000000e+03
5.405000000000000000e+03
1.569300000000000000e+04
1.841900000000000000e+04
1.851300000000000000e+04
1.965000000000000000e+03
2.400000000000000000e+02
8.623000000000000000e+03
6.006000000000000000e+03
1.150000000000000000e+04
1.147700000000000000e+04
1.385500000000000000e+04
1.185900000000000000e+04
1.611100000000000000e+04
9.246000000000000000e+03
3.659000000000000000e+03
3.639000000000000000e+03
1.530000000000000000e+02
1.465500000000000000e+04
3.292000000000000000e+03
9.531000000000000000e+03
1.525200000000000000e+04
6.459000000000000000e+03
1.086700000000000000e+04
1.511900000000000000e+04
3.640000000000000000e+02
1.745100000000000000e+04
1.402200000000000000e+04
1.452000000000000000e+04
4.593000000000000000e+03
1.731200000000000000e+04
1.640000000000000000e+04
4.819000000000000000e+03
8.883000000000000000e+03
4.215000000000000000e+03
7.557000000000000000e+03
3.865000000000000000e+03
1.371100000000000000e+04
1.493800000000000000e+04
9.760000000000000000e+03
4.021000000000000000e+03
2.773000000000000000e+03
1.847000000000000000e+04
1.505800000000000000e+04
4.869000000000000000e+03
1.086000000000000000e+03
1.424600000000000000e+04
1.198000000000000000e+04
6.929000000000000000e+03
1.319400000000000000e+04
1.685200000000000000e+04
1.610900000000000000e+04
1.918800000000000000e+04
4.234000000000000000e+03
1.300000000000000000e+02
3.943000000000000000e+03
7.642000000000000000e+03
8.217000000000000000e+03
6.140000000000000000e+02
1.341900000000000000e+04
5.387000000000000000e+03
5.523000000000000000e+03
1.429500000000000000e+04
1.448300000000000000e+04
1.034400000000000000e+04
3.844000000000000000e+03
1.334200000000000000e+04
3.039000000000000000e+03
2.367000000000000000e+03
1.689200000000000000e+04
1.772300000000000000e+04
7.145000000000000000e+03
2.937000000000000000e+03
1.056600000000000000e+04
1.608100000000000000e+04
5.050000000000000000e+03
4.809000000000000000e+03
1.079500000000000000e+04
3.980000000000000000e+02
7.570000000000000000e+03
3.025000000000000000e+03
9.625000000000000000e+03
1.006300000000000000e+04
5.374000000000000000e+03
1.722100000000000000e+04
4.348000000000000000e+03
1.162200000000000000e+04
1.104200000000000000e+04
8.000000000000000000e+01
1.477500000000000000e+04
2.146000000000000000e+03
1.367800000000000000e+04
5.401000000000000000e+03
2.610000000000000000e+02
1.709000000000000000e+04
1.386400000000000000e+04
4.727000000000000000e+03
9.270000000000000000e+03
1.769200000000000000e+04
4.328000000000000000e+03
1.941900000000000000e+04
1.775600000000000000e+04
9.104000000000000000e+03
1.472300000000000000e+04
5.124000000000000000e+03
4.841000000000000000e+03
6.088000000000000000e+03
3.830000000000000000e+02
2.060000000000000000e+02
1.527200000000000000e+04
1.335100000000000000e+04
1.626500000000000000e+04
2.990000000000000000e+03
1.583900000000000000e+04
4.511000000000000000e+03
1.113600000000000000e+04
1.845800000000000000e+04
1.633800000000000000e+04
1.658000000000000000e+04
1.380900000000000000e+04
5.868000000000000000e+03
2.167000000000000000e+03
2.970000000000000000e+02
3.006000000000000000e+03
8.940000000000000000e+03
1.232400000000000000e+04
1.945000000000000000e+04
7.087000000000000000e+03
1.803800000000000000e+04
8.365000000000000000e+03
6.653000000000000000e+03
3.791000000000000000e+03
7.000000000000000000e+01
1.268100000000000000e+04
7.129000000000000000e+03
1.000400000000000000e+04
1.965000000000000000e+04
1.898200000000000000e+04
1.041900000000000000e+04
1.303700000000000000e+04
1.756100000000000000e+04
1.405400000000000000e+04
7.800000000000000000e+01
1.277400000000000000e+04
1.779000000000000000e+04
3.975000000000000000e+03
1.234600000000000000e+04
6.441000000000000000e+03
2.876000000000000000e+03
3.980000000000000000e+03
9.728000000000000000e+03
1.804500000000000000e+04
1.769300000000000000e+04
7.619000000000000000e+03
2.233000000000000000e+03
1.652500000000000000e+04
1.479200000000000000e+04
1.828000000000000000e+04
1.423000000000000000e+04
6.528000000000000000e+03
1.851200000000000000e+04
1.888400000000000000e+04
1.004700000000000000e+04
8.254000000000000000e+03
3.813000000000000000e+03
7.237000000000000000e+03
1.041100000000000000e+04
1.457400000000000000e+04
2.275000000000000000e+03
1.228800000000000000e+04
4.023000000000000000e+03
1.511000000000000000e+03
9.849000000000000000e+03
1.003000000000000000e+03
5.219000000000000000e+03
1.220300000000000000e+04
9.682000000000000000e+03
1.036800000000000000e+04
2.264000000000000000e+03
1.031000000000000000e+03
1.755600000000000000e+04
5.444000000000000000e+03
9.349000000000000000e+03
1.648900000000000000e+04
3.303000000000000000e+03
9.116000000000000000e+03
6.456000000000000000e+03
4.864000000000000000e+03
1.237800000000000000e+04
9.691000000000000000e+03
8.033000000000000000e+03
3.033000000000000000e+03
1.054700000000000000e+04
4.395000000000000000e+03
6.202000000000000000e+03
8.810000000000000000e+03
3.936000000000000000e+03
1.116000000000000000e+04
1.628100000000000000e+04
7.008000000000000000e+03
6.192000000000000000e+03
1.643000000000000000e+04
1.095500000000000000e+04
1.744400000000000000e+04
1.773800000000000000e+04
4.737000000000000000e+03
1.490500000000000000e+04
1.334600000000000000e+04
1.788200000000000000e+04
1.471800000000000000e+04
2.380000000000000000e+02
6.215000000000000000e+03
1.795300000000000000e+04
1.255400000000000000e+04
1.394800000000000000e+04
2.700000000000000000e+03
1.756400000000000000e+04
1.384900000000000000e+04
1.383800000000000000e+04
9.030000000000000000e+03
1.142800000000000000e+04
8.511000000000000000e+03
1.517400000000000000e+04
1.029500000000000000e+04
1.676800000000000000e+04
1.522000000000000000e+03
4.285000000000000000e+03
1.274900000000000000e+04
4.651000000000000000e+03
1.731000000000000000e+04
1.173300000000000000e+04
1.665400000000000000e+04
1.354600000000000000e+04
1.853100000000000000e+04
9.092000000000000000e+03
1.435100000000000000e+04
1.279100000000000000e+04
1.489400000000000000e+04
8.927000000000000000e+03
7.375000000000000000e+03
2.205000000000000000e+03
1.282500000000000000e+04
1.085400000000000000e+04
9.960000000000000000e+03
1.192200000000000000e+04
1.388500000000000000e+04
6.127000000000000000e+03
8.578000000000000000e+03
3.808000000000000000e+03
1.730000000000000000e+03
8.997000000000000000e+03
1.372000000000000000e+04
7.061000000000000000e+03
1.554700000000000000e+04
9.299000000000000000e+03
4.000000000000000000e+03
1.074400000000000000e+04
1.963300000000000000e+04
1.323000000000000000e+03
3.558000000000000000e+03
1.708600000000000000e+04
1.596600000000000000e+04
1.272100000000000000e+04
2.413000000000000000e+03
1.253600000000000000e+04
8.083000000000000000e+03
1.395300000000000000e+04
6.634000000000000000e+03
1.791300000000000000e+04
7.181000000000000000e+03
1.442900000000000000e+04
6.755000000000000000e+03
3.088000000000000000e+03
2.920000000000000000e+03
1.530100000000000000e+04
1.760200000000000000e+04
1.336000000000000000e+04
8.610000000000000000e+02
1.766300000000000000e+04
1.291900000000000000e+04
1.944800000000000000e+04
1.157900000000000000e+04
1.012700000000000000e+04
1.410500000000000000e+04
1.594200000000000000e+04
1.382000000000000000e+04
1.903600000000000000e+04
1.019000000000000000e+04
3.200000000000000000e+02
7.105000000000000000e+03
8.718000000000000000e+03
1.021100000000000000e+04
3.194000000000000000e+03
8.841000000000000000e+03
1.673000000000000000e+03
1.946700000000000000e+04
1.151500000000000000e+04
1.957200000000000000e+04
1.238200000000000000e+04
5.318000000000000000e+03
2.511000000000000000e+03
2.042000000000000000e+03
6.189000000000000000e+03
1.209100000000000000e+04
1.287100000000000000e+04
1.254700000000000000e+04
1.920300000000000000e+04
8.657000000000000000e+03
1.431000000000000000e+03
9.663000000000000000e+03
3.665000000000000000e+03
1.395400000000000000e+04
8.471000000000000000e+03
1.429900000000000000e+04
1.212100000000000000e+04
1.079800000000000000e+04
8.273000000000000000e+03
5.783000000000000000e+03
1.553400000000000000e+04
1.440900000000000000e+04
1.440800000000000000e+04
4.674000000000000000e+03
1.515700000000000000e+04
1.438400000000000000e+04
1.965400000000000000e+04
1.960200000000000000e+04
1.004000000000000000e+03
2.487000000000000000e+03
8.146000000000000000e+03
2.340000000000000000e+02
1.847700000000000000e+04
1.312600000000000000e+04
9.253000000000000000e+03
3.291000000000000000e+03
1.469000000000000000e+04
1.579200000000000000e+04
9.521000000000000000e+03
1.622800000000000000e+04
1.291500000000000000e+04
2.155000000000000000e+03
1.262700000000000000e+04
7.695000000000000000e+03
1.967200000000000000e+04
1.939000000000000000e+04
1.913000000000000000e+03
1.009000000000000000e+03
5.676000000000000000e+03
7.055000000000000000e+03
3.188000000000000000e+03
4.170000000000000000e+03
1.525700000000000000e+04
1.805000000000000000e+03
1.691200000000000000e+04
4.624000000000000000e+03
1.367400000000000000e+04
1.410600000000000000e+04
2.147000000000000000e+03
1.338700000000000000e+04
1.243600000000000000e+04
7.395000000000000000e+03
5.520000000000000000e+03
6.267000000000000000e+03
9.773000000000000000e+03
1.851000000000000000e+03
1.119300000000000000e+04
2.628000000000000000e+03
4.471000000000000000e+03
6.135000000000000000e+03
2.230000000000000000e+02
1.092600000000000000e+04
1.888600000000000000e+04
8.020000000000000000e+02
1.054300000000000000e+04
7.686000000000000000e+03
6.040000000000000000e+02
1.726400000000000000e+04
1.516000000000000000e+03
1.376900000000000000e+04
1.178700000000000000e+04
7.592000000000000000e+03
6.987000000000000000e+03
3.594000000000000000e+03
1.579500000000000000e+04
5.700000000000000000e+03
1.670500000000000000e+04
3.340000000000000000e+03
1.915500000000000000e+04
1.553100000000000000e+04
1.676500000000000000e+04
8.559000000000000000e+03
1.331400000000000000e+04
1.551100000000000000e+04
2.763000000000000000e+03
1.024700000000000000e+04
4.682000000000000000e+03
1.420900000000000000e+04
7.053000000000000000e+03
1.317000000000000000e+03
6.736000000000000000e+03
1.266100000000000000e+04
5.092000000000000000e+03
1.840700000000000000e+04
6.065000000000000000e+03
3.828000000000000000e+03
2.732000000000000000e+03
1.207600000000000000e+04
5.403000000000000000e+03
1.878000000000000000e+04
1.765600000000000000e+04
9.288000000000000000e+03
1.352000000000000000e+03
1.133700000000000000e+04
3.420000000000000000e+03
1.921700000000000000e+04
1.381500000000000000e+04
6.270000000000000000e+03
1.543100000000000000e+04
5.448000000000000000e+03
1.084000000000000000e+03
9.694000000000000000e+03
1.807500000000000000e+04
2.209000000000000000e+03
2.570000000000000000e+02
7.411000000000000000e+03
1.828300000000000000e+04
1.439000000000000000e+04
1.752900000000000000e+04
1.609300000000000000e+04
1.173800000000000000e+04
1.147400000000000000e+04
1.393200000000000000e+04
1.120800000000000000e+04
1.276500000000000000e+04
1.252000000000000000e+04
1.935600000000000000e+04
1.360100000000000000e+04
1.493100000000000000e+04
1.327000000000000000e+03
9.667000000000000000e+03
8.983000000000000000e+03
6.818000000000000000e+03
9.925000000000000000e+03
9.707000000000000000e+03
2.659000000000000000e+03
1.279500000000000000e+04
6.455000000000000000e+03
1.700000000000000000e+03
1.853300000000000000e+04
1.535100000000000000e+04
1.461900000000000000e+04
2.440000000000000000e+02
8.665000000000000000e+03
1.667800000000000000e+04
4.820000000000000000e+03
1.496800000000000000e+04
1.358600000000000000e+04
6.115000000000000000e+03
7.840000000000000000e+02
9.831000000000000000e+03
1.914000000000000000e+03
7.576000000000000000e+03
1.620800000000000000e+04
1.779800000000000000e+04
1.068500000000000000e+04
1.557300000000000000e+04
1.853700000000000000e+04
2.305000000000000000e+03
1.280400000000000000e+04
1.762100000000000000e+04
1.926700000000000000e+04
8.652000000000000000e+03
1.602300000000000000e+04
1.134000000000000000e+03
1.254000000000000000e+04
1.121700000000000000e+04
1.129000000000000000e+04
1.688400000000000000e+04
1.713000000000000000e+03
1.246800000000000000e+04
1.843600000000000000e+04
1.319600000000000000e+04
1.467900000000000000e+04
8.625000000000000000e+03
1.960500000000000000e+04
1.625300000000000000e+04
9.075000000000000000e+03
1.510000000000000000e+02
1.237400000000000000e+04
1.873000000000000000e+03
1.729700000000000000e+04
4.439000000000000000e+03
1.728700000000000000e+04
7.662000000000000000e+03
1.210600000000000000e+04
1.550000000000000000e+03
1.203600000000000000e+04
1.517800000000000000e+04
1.591800000000000000e+04
1.833500000000000000e+04
1.564100000000000000e+04
1.840000000000000000e+04
1.919400000000000000e+04
1.249300000000000000e+04
1.738200000000000000e+04
1.280600000000000000e+04
4.076000000000000000e+03
2.429000000000000000e+03
1.275200000000000000e+04
3.211000000000000000e+03
1.337400000000000000e+04
1.766900000000000000e+04
2.420000000000000000e+03
1.221600000000000000e+04
7.450000000000000000e+03
1.435400000000000000e+04
1.566200000000000000e+04
1.306700000000000000e+04
1.756700000000000000e+04
1.698100000000000000e+04
1.567300000000000000e+04
3.083000000000000000e+03
4.530000000000000000e+03
1.702700000000000000e+04
1.648000000000000000e+03
1.861600000000000000e+04
5.993000000000000000e+03
3.723000000000000000e+03
6.946000000000000000e+03
1.420000000000000000e+02
1.251000000000000000e+03
3.197000000000000000e+03
1.441800000000000000e+04
9.278000000000000000e+03
6.882000000000000000e+03
1.368900000000000000e+04
6.306000000000000000e+03
8.936000000000000000e+03
7.930000000000000000e+03
1.480800000000000000e+04
1.578900000000000000e+04
4.968000000000000000e+03
6.067000000000000000e+03
9.434000000000000000e+03
1.722000000000000000e+04
2.204000000000000000e+03
7.809000000000000000e+03
3.979000000000000000e+03
1.942500000000000000e+04
1.658100000000000000e+04
3.838000000000000000e+03
6.940000000000000000e+03
9.323000000000000000e+03
5.000000000000000000e+03
1.724100000000000000e+04
1.144800000000000000e+04
1.161800000000000000e+04
1.163000000000000000e+03
1.095100000000000000e+04
1.712000000000000000e+04
1.715400000000000000e+04
6.299000000000000000e+03
1.036000000000000000e+04
6.269000000000000000e+03
4.126000000000000000e+03
1.513600000000000000e+04
1.406000000000000000e+04
1.702000000000000000e+04
5.216000000000000000e+03
1.615200000000000000e+04
1.468900000000000000e+04
4.896000000000000000e+03
7.001000000000000000e+03
1.926000000000000000e+04
1.467300000000000000e+04
1.626200000000000000e+04
4.290000000000000000e+02
4.920000000000000000e+02
4.489000000000000000e+03
2.516000000000000000e+03
9.456000000000000000e+03
6.584000000000000000e+03
3.360000000000000000e+03
9.062000000000000000e+03
8.234000000000000000e+03
1.356100000000000000e+04
8.735000000000000000e+03
6.900000000000000000e+02
1.505600000000000000e+04
1.499000000000000000e+03
4.848000000000000000e+03
2.949000000000000000e+03
1.550000000000000000e+02
1.587700000000000000e+04
1.810800000000000000e+04
1.238100000000000000e+04
1.076000000000000000e+04
1.718900000000000000e+04
3.385000000000000000e+03
1.486600000000000000e+04
6.371000000000000000e+03
1.643600000000000000e+04
1.622500000000000000e+04
1.779400000000000000e+04
5.656000000000000000e+03
6.340000000000000000e+02
1.433300000000000000e+04
6.085000000000000000e+03
1.401200000000000000e+04
5.000000000000000000e+01
1.779200000000000000e+04
5.432000000000000000e+03
1.026100000000000000e+04
6.070000000000000000e+03
1.360200000000000000e+04
1.959700000000000000e+04
1.633200000000000000e+04
6.856000000000000000e+03
1.138800000000000000e+04
1.030700000000000000e+04
1.492100000000000000e+04
1.547800000000000000e+04
5.119000000000000000e+03
5.530000000000000000e+03
1.829300000000000000e+04
1.938900000000000000e+04
1.500000000000000000e+01
1.832500000000000000e+04
1.847600000000000000e+04
1.042000000000000000e+03
7.209000000000000000e+03
2.531000000000000000e+03
9.031000000000000000e+03
1.218400000000000000e+04
1.252600000000000000e+04
9.633000000000000000e+03
6.275000000000000000e+03
1.094200000000000000e+04
1.219500000000000000e+04
1.837100000000000000e+04
1.269100000000000000e+04
7.887000000000000000e+03
6.493000000000000000e+03
1.016600000000000000e+04
6.025000000000000000e+03
1.061500000000000000e+04
1.229400000000000000e+04
1.690000000000000000e+02
2.505000000000000000e+03
8.535000000000000000e+03
1.450700000000000000e+04
4.204000000000000000e+03
1.004800000000000000e+04
9.353000000000000000e+03
7.938000000000000000e+03
1.956300000000000000e+04
6.766000000000000000e+03
1.390300000000000000e+04
1.898000000000000000e+03
1.866700000000000000e+04
5.651000000000000000e+03
1.862400000000000000e+04
1.552100000000000000e+04
1.450400000000000000e+04
1.313400000000000000e+04
1.684900000000000000e+04
2.150000000000000000e+03
1.958300000000000000e+04
1.692200000000000000e+04
1.553000000000000000e+04
1.797600000000000000e+04
1.653800000000000000e+04
8.833000000000000000e+03
1.041700000000000000e+04
5.529000000000000000e+03
4.158000000000000000e+03
4.189000000000000000e+03
7.876000000000000000e+03
2.557000000000000000e+03
1.470100000000000000e+04
9.280000000000000000e+03
6.394000000000000000e+03
1.325000000000000000e+04
7.898000000000000000e+03
8.819000000000000000e+03
1.729400000000000000e+04
1.034000000000000000e+04
5.312000000000000000e+03
3.112000000000000000e+03
4.063000000000000000e+03
1.426000000000000000e+04
1.790400000000000000e+04
3.261000000000000000e+03
1.494400000000000000e+04
1.616500000000000000e+04
4.311000000000000000e+03
1.555300000000000000e+04
1.338600000000000000e+04
1.672200000000000000e+04
1.758000000000000000e+04
9.736000000000000000e+03
6.902000000000000000e+03
1.940000000000000000e+02
5.291000000000000000e+03
1.805900000000000000e+04
1.467400000000000000e+04
3.076000000000000000e+03
1.455200000000000000e+04
7.872000000000000000e+03
6.652000000000000000e+03
8.866000000000000000e+03
1.689500000000000000e+04
5.030000000000000000e+03
1.278700000000000000e+04
1.717900000000000000e+04
1.786500000000000000e+04
7.920000000000000000e+02
6.291000000000000000e+03
8.596000000000000000e+03
3.328000000000000000e+03
1.090300000000000000e+04
8.530000000000000000e+02
1.301300000000000000e+04
1.320600000000000000e+04
4.777000000000000000e+03
9.229000000000000000e+03
1.281900000000000000e+04
6.636000000000000000e+03
7.420000000000000000e+02
1.911800000000000000e+04
1.213400000000000000e+04
6.583000000000000000e+03
9.378000000000000000e+03
1.068700000000000000e+04
9.330000000000000000e+02
1.342500000000000000e+04
1.315900000000000000e+04
8.142000000000000000e+03
5.400000000000000000e+03
1.720100000000000000e+04
1.277300000000000000e+04
8.496000000000000000e+03
1.379000000000000000e+04
8.873000000000000000e+03
6.342000000000000000e+03
9.466000000000000000e+03
1.585600000000000000e+04
5.311000000000000000e+03
1.624500000000000000e+04
7.109000000000000000e+03
2.014000000000000000e+03
5.282000000000000000e+03
1.921000000000000000e+04
9.073000000000000000e+03
2.626000000000000000e+03
5.798000000000000000e+03
9.547000000000000000e+03
1.843100000000000000e+04
8.537000000000000000e+03
3.320000000000000000e+03
1.777400000000000000e+04
3.830000000000000000e+03
1.963600000000000000e+04
5.688000000000000000e+03
1.284800000000000000e+04
7.810000000000000000e+03
5.686000000000000000e+03
1.270400000000000000e+04
7.267000000000000000e+03
1.886000000000000000e+04
1.032000000000000000e+04
8.920000000000000000e+03
1.687900000000000000e+04
1.044600000000000000e+04
1.555600000000000000e+04
1.196800000000000000e+04
3.932000000000000000e+03
1.759400000000000000e+04
1.190500000000000000e+04
7.249000000000000000e+03
1.393900000000000000e+04
2.894000000000000000e+03
8.843000000000000000e+03
6.054000000000000000e+03
1.347800000000000000e+04
8.297000000000000000e+03
1.408500000000000000e+04
1.898000000000000000e+04
8.579000000000000000e+03
5.190000000000000000e+03
3.122000000000000000e+03
3.853000000000000000e+03
1.899900000000000000e+04
5.200000000000000000e+03
4.232000000000000000e+03
1.771000000000000000e+04
1.748200000000000000e+04
2.775000000000000000e+03
1.226800000000000000e+04
1.526700000000000000e+04
5.682000000000000000e+03
1.558500000000000000e+04
5.193000000000000000e+03
1.970600000000000000e+04
1.345400000000000000e+04
5.750000000000000000e+02
4.128000000000000000e+03
1.128300000000000000e+04
1.441500000000000000e+04
1.841500000000000000e+04
2.778000000000000000e+03
7.990000000000000000e+03
4.618000000000000000e+03
1.262000000000000000e+04
1.031000000000000000e+04
4.793000000000000000e+03
1.836900000000000000e+04
6.660000000000000000e+02
1.563600000000000000e+04
1.687800000000000000e+04
1.493000000000000000e+04
8.624000000000000000e+03
1.868500000000000000e+04
1.597100000000000000e+04
3.563000000000000000e+03
2.936000000000000000e+03
1.649300000000000000e+04
5.070000000000000000e+02
1.478100000000000000e+04
4.730000000000000000e+02
1.220800000000000000e+04
4.490000000000000000e+02
2.467000000000000000e+03
1.398800000000000000e+04
1.846800000000000000e+04
9.654000000000000000e+03
2.897000000000000000e+03
1.463200000000000000e+04
7.235000000000000000e+03
6.826000000000000000e+03
1.425500000000000000e+04
5.810000000000000000e+02
1.064500000000000000e+04
1.183000000000000000e+03
1.210800000000000000e+04
4.599000000000000000e+03
1.390900000000000000e+04
2.157000000000000000e+03
7.688000000000000000e+03
1.619300000000000000e+04
1.237100000000000000e+04
7.433000000000000000e+03
2.666000000000000000e+03
6.829000000000000000e+03
4.552000000000000000e+03
1.936400000000000000e+04
1.925300000000000000e+04
8.976000000000000000e+03
4.223000000000000000e+03
1.006000000000000000e+04
1.577800000000000000e+04
7.627000000000000000e+03
4.820000000000000000e+02
4.317000000000000000e+03
1.791400000000000000e+04
7.880000000000000000e+03
1.470600000000000000e+04
6.705000000000000000e+03
2.679000000000000000e+03
5.436000000000000000e+03
7.987000000000000000e+03
8.984000000000000000e+03
4.083000000000000000e+03
1.142700000000000000e+04
1.184200000000000000e+04
1.764600000000000000e+04
1.264800000000000000e+04
1.936900000000000000e+04
1.872000000000000000e+03
1.600200000000000000e+04
1.878000000000000000e+03
8.628000000000000000e+03
1.466200000000000000e+04
1.589000000000000000e+04
1.898300000000000000e+04
9.380000000000000000e+02
2.891000000000000000e+03
5.500000000000000000e+02
1.694800000000000000e+04
1.662400000000000000e+04
1.587400000000000000e+04
7.510000000000000000e+02
3.166000000000000000e+03
4.871000000000000000e+03
1.078200000000000000e+04
3.093000000000000000e+03
1.279600000000000000e+04
1.251300000000000000e+04
8.973000000000000000e+03
1.414100000000000000e+04
1.200200000000000000e+04
1.805700000000000000e+04
3.011000000000000000e+03
4.840000000000000000e+03
1.311000000000000000e+03
1.862000000000000000e+04
2.211000000000000000e+03
1.755100000000000000e+04
8.063000000000000000e+03
1.401800000000000000e+04
1.756300000000000000e+04
7.207000000000000000e+03
8.151000000000000000e+03
1.544400000000000000e+04
5.214000000000000000e+03
5.891000000000000000e+03
1.777800000000000000e+04
5.266000000000000000e+03
1.855300000000000000e+04
1.166200000000000000e+04
7.478000000000000000e+03
1.798000000000000000e+04
5.144000000000000000e+03
1.655700000000000000e+04
1.745000000000000000e+03
1.625000000000000000e+04
9.322000000000000000e+03
1.170200000000000000e+04
1.728900000000000000e+04
9.052000000000000000e+03
1.307000000000000000e+04
1.803400000000000000e+04
1.486100000000000000e+04
7.489000000000000000e+03
1.620000000000000000e+03
3.050000000000000000e+02
1.309000000000000000e+03
4.064000000000000000e+03
1.704100000000000000e+04
2.105000000000000000e+03
1.129100000000000000e+04
1.055800000000000000e+04
1.050500000000000000e+04
6.151000000000000000e+03
7.605000000000000000e+03
1.873700000000000000e+04
1.750200000000000000e+04
6.991000000000000000e+03
1.539000000000000000e+03
8.075000000000000000e+03
1.754900000000000000e+04
1.736300000000000000e+04
1.338300000000000000e+04
1.006100000000000000e+04
8.357000000000000000e+03
2.896000000000000000e+03
1.406600000000000000e+04
1.099100000000000000e+04
1.772000000000000000e+04
9.369000000000000000e+03
1.466000000000000000e+04
1.218500000000000000e+04
1.015800000000000000e+04
1.403000000000000000e+04
7.224000000000000000e+03
6.326000000000000000e+03
1.438900000000000000e+04
1.592800000000000000e+04
2.418000000000000000e+03
1.189100000000000000e+04
5.500000000000000000e+01
1.339100000000000000e+04
1.366000000000000000e+04
8.244000000000000000e+03
6.843000000000000000e+03
1.505000000000000000e+03
1.466800000000000000e+04
4.576000000000000000e+03
1.780800000000000000e+04
3.427000000000000000e+03
1.682000000000000000e+04
6.867000000000000000e+03
4.661000000000000000e+03
9.745000000000000000e+03
4.720000000000000000e+03
8.138000000000000000e+03
2.492000000000000000e+03
1.466300000000000000e+04
1.899600000000000000e+04
2.597000000000000000e+03
6.582000000000000000e+03
2.567000000000000000e+03
2.917000000000000000e+03
7.086000000000000000e+03
4.352000000000000000e+03
5.923000000000000000e+03
1.601100000000000000e+04
3.973000000000000000e+03
1.290500000000000000e+04
1.596100000000000000e+04
1.470700000000000000e+04
1.707600000000000000e+04
1.677600000000000000e+04
1.787300000000000000e+04
1.767300000000000000e+04
7.225000000000000000e+03
1.540000000000000000e+03
7.165000000000000000e+03
1.295200000000000000e+04
5.900000000000000000e+02
6.610000000000000000e+02
4.718000000000000000e+03
1.813800000000000000e+04
4.641000000000000000e+03
4.657000000000000000e+03
3.102000000000000000e+03
4.157000000000000000e+03
1.273500000000000000e+04
5.726000000000000000e+03
1.675800000000000000e+04
1.223100000000000000e+04
7.966000000000000000e+03
1.652100000000000000e+04
1.544100000000000000e+04
1.269700000000000000e+04
3.148000000000000000e+03
1.365400000000000000e+04
2.513000000000000000e+03
1.194000000000000000e+04
1.269300000000000000e+04
1.510500000000000000e+04
1.238000000000000000e+04
4.028000000000000000e+03
1.171500000000000000e+04
1.905300000000000000e+04
1.128500000000000000e+04
1.172600000000000000e+04
1.142300000000000000e+04
1.701300000000000000e+04
3.085000000000000000e+03
5.846000000000000000e+03
1.149000000000000000e+04
1.629900000000000000e+04
1.743100000000000000e+04
2.149000000000000000e+03
2.184000000000000000e+03
1.931200000000000000e+04
4.036000000000000000e+03
1.439800000000000000e+04
2.717000000000000000e+03
6.449000000000000000e+03
1.726600000000000000e+04
1.737100000000000000e+04
1.891100000000000000e+04
1.792800000000000000e+04
7.474000000000000000e+03
1.461400000000000000e+04
1.268000000000000000e+03
1.431900000000000000e+04
3.129000000000000000e+03
7.501000000000000000e+03
1.292000000000000000e+04
1.341400000000000000e+04
1.572900000000000000e+04
2.543000000000000000e+03
3.799000000000000000e+03
1.220400000000000000e+04
1.265800000000000000e+04
2.300000000000000000e+02
1.346100000000000000e+04
1.017300000000000000e+04
1.233400000000000000e+04
1.886000000000000000e+03
4.986000000000000000e+03
1.967100000000000000e+04
2.083000000000000000e+03
1.651100000000000000e+04
1.868300000000000000e+04
1.004600000000000000e+04
1.633000000000000000e+04
1.115000000000000000e+03
1.318100000000000000e+04
4.525000000000000000e+03
5.957000000000000000e+03
5.827000000000000000e+03
1.845500000000000000e+04
6.515000000000000000e+03
1.126400000000000000e+04
1.300700000000000000e+04
4.906000000000000000e+03
1.092400000000000000e+04
1.883000000000000000e+03
9.652000000000000000e+03
1.651200000000000000e+04
1.702100000000000000e+04
3.847000000000000000e+03
5.369000000000000000e+03
3.425000000000000000e+03
7.664000000000000000e+03
4.209000000000000000e+03
4.431000000000000000e+03
7.894000000000000000e+03
8.269000000000000000e+03
1.477000000000000000e+03
9.655000000000000000e+03
6.128000000000000000e+03
6.121000000000000000e+03
1.132900000000000000e+04
5.032000000000000000e+03
1.933900000000000000e+04
1.087600000000000000e+04
1.613700000000000000e+04
1.169000000000000000e+03
1.413000000000000000e+04
8.749000000000000000e+03
4.389000000000000000e+03
1.717500000000000000e+04
1.721600000000000000e+04
1.529000000000000000e+04
4.639000000000000000e+03
5.082000000000000000e+03
1.658900000000000000e+04
1.397700000000000000e+04
1.337100000000000000e+04
6.768000000000000000e+03
7.710000000000000000e+03
5.769000000000000000e+03
4.764000000000000000e+03
1.162600000000000000e+04
1.478800000000000000e+04
1.413500000000000000e+04
1.419500000000000000e+04
1.475500000000000000e+04
9.400000000000000000e+02
1.451700000000000000e+04
1.258700000000000000e+04
1.518800000000000000e+04
1.376500000000000000e+04
8.350000000000000000e+03
9.987000000000000000e+03
6.350000000000000000e+03
8.964000000000000000e+03
1.276400000000000000e+04
2.814000000000000000e+03
8.112000000000000000e+03
1.930400000000000000e+04
7.347000000000000000e+03
1.746200000000000000e+04
6.824000000000000000e+03
8.364000000000000000e+03
4.404000000000000000e+03
1.802000000000000000e+03
1.703800000000000000e+04
8.675000000000000000e+03
6.666000000000000000e+03
6.091000000000000000e+03
1.517600000000000000e+04
5.590000000000000000e+03
1.148100000000000000e+04
1.122500000000000000e+04
1.909200000000000000e+04
8.031000000000000000e+03
7.569000000000000000e+03
1.759100000000000000e+04
1.688800000000000000e+04
8.260000000000000000e+03
1.154200000000000000e+04
9.892000000000000000e+03
1.548000000000000000e+03
4.734000000000000000e+03
1.818000000000000000e+04
3.238000000000000000e+03
1.859900000000000000e+04
1.438100000000000000e+04
8.950000000000000000e+03
6.150000000000000000e+02
2.455000000000000000e+03
1.060000000000000000e+02
1.304500000000000000e+04
1.218000000000000000e+03
1.466100000000000000e+04
5.700000000000000000e+01
1.970500000000000000e+04
4.282000000000000000e+03
1.669400000000000000e+04
6.029000000000000000e+03
8.036000000000000000e+03
1.167000000000000000e+04
1.298500000000000000e+04
4.019000000000000000e+03
6.961000000000000000e+03
1.925200000000000000e+04
4.119000000000000000e+03
6.990000000000000000e+03
2.163000000000000000e+03
4.484000000000000000e+03
1.586800000000000000e+04
1.478700000000000000e+04
2.214000000000000000e+03
1.822500000000000000e+04
5.840000000000000000e+03
1.278100000000000000e+04
1.745500000000000000e+04
1.564900000000000000e+04
1.947400000000000000e+04
2.295000000000000000e+03
1.739400000000000000e+04
1.530200000000000000e+04
2.555000000000000000e+03
7.645000000000000000e+03
8.001000000000000000e+03
1.387500000000000000e+04
1.575700000000000000e+04
5.087000000000000000e+03
1.548600000000000000e+04
1.214800000000000000e+04
1.140000000000000000e+03
1.826300000000000000e+04
1.922700000000000000e+04
1.203000000000000000e+03
4.090000000000000000e+02
1.710900000000000000e+04
4.497000000000000000e+03
1.832800000000000000e+04
1.502000000000000000e+04
1.073400000000000000e+04
1.897000000000000000e+03
1.443700000000000000e+04
1.284700000000000000e+04
1.829700000000000000e+04
1.376100000000000000e+04
1.343800000000000000e+04
1.246700000000000000e+04
9.197000000000000000e+03
1.014700000000000000e+04
2.029000000000000000e+03
1.115300000000000000e+04
1.293300000000000000e+04
1.467600000000000000e+04
6.785000000000000000e+03
1.454400000000000000e+04
6.509000000000000000e+03
1.630600000000000000e+04
7.694000000000000000e+03
9.578000000000000000e+03
1.336700000000000000e+04
1.316500000000000000e+04
1.691600000000000000e+04
4.585000000000000000e+03
1.695600000000000000e+04
1.001300000000000000e+04
1.914900000000000000e+04
1.281300000000000000e+04
6.307000000000000000e+03
1.011900000000000000e+04
1.755300000000000000e+04
1.794200000000000000e+04
6.492000000000000000e+03
9.579000000000000000e+03
1.656600000000000000e+04
8.160000000000000000e+02
1.694000000000000000e+04
1.165400000000000000e+04
1.290600000000000000e+04
1.119200000000000000e+04
1.819400000000000000e+04
8.447000000000000000e+03
9.785000000000000000e+03
5.887000000000000000e+03
1.946900000000000000e+04
1.063500000000000000e+04
1.366700000000000000e+04
1.206800000000000000e+04
3.580000000000000000e+03
1.448000000000000000e+03
1.827600000000000000e+04
7.497000000000000000e+03
2.053000000000000000e+03
1.822000000000000000e+04
1.446900000000000000e+04
1.503100000000000000e+04
6.887000000000000000e+03
1.449300000000000000e+04
2.869000000000000000e+03
2.297000000000000000e+03
1.398100000000000000e+04
1.458600000000000000e+04
1.762300000000000000e+04
7.879000000000000000e+03
2.071000000000000000e+03
1.307500000000000000e+04
8.860000000000000000e+03
1.901000000000000000e+03
1.010000000000000000e+02
2.454000000000000000e+03
4.991000000000000000e+03
1.388800000000000000e+04
5.945000000000000000e+03
8.760000000000000000e+03
9.780000000000000000e+02
1.868200000000000000e+04
1.435000000000000000e+03
2.016000000000000000e+03
9.941000000000000000e+03
1.944100000000000000e+04
1.046900000000000000e+04
1.324900000000000000e+04
1.548500000000000000e+04
1.239400000000000000e+04
1.138100000000000000e+04
1.875100000000000000e+04
1.554400000000000000e+04
2.456000000000000000e+03
1.140800000000000000e+04
1.597900000000000000e+04
6.550000000000000000e+02
1.187100000000000000e+04
1.784500000000000000e+04
2.010000000000000000e+03
4.491000000000000000e+03
1.223000000000000000e+03
1.367900000000000000e+04
1.192100000000000000e+04
3.163000000000000000e+03
8.481000000000000000e+03
3.438000000000000000e+03
1.740000000000000000e+02
7.561000000000000000e+03
4.900000000000000000e+02
1.068300000000000000e+04
2.480000000000000000e+02
4.417000000000000000e+03
1.676000000000000000e+04
1.804200000000000000e+04
1.048400000000000000e+04
1.597500000000000000e+04
1.643400000000000000e+04
1.670100000000000000e+04
7.358000000000000000e+03
1.236900000000000000e+04
2.248000000000000000e+03
9.535000000000000000e+03
3.634000000000000000e+03
1.687400000000000000e+04
6.414000000000000000e+03
1.117900000000000000e+04
1.693300000000000000e+04
1.849900000000000000e+04
1.403000000000000000e+03
7.487000000000000000e+03
1.392000000000000000e+04
1.384000000000000000e+04
5.560000000000000000e+03
1.553700000000000000e+04
7.060000000000000000e+02
1.183400000000000000e+04
6.518000000000000000e+03
1.080000000000000000e+02
1.515100000000000000e+04
3.538000000000000000e+03
8.516000000000000000e+03
1.157500000000000000e+04
9.292000000000000000e+03
1.498400000000000000e+04
1.278600000000000000e+04
1.612500000000000000e+04
1.653300000000000000e+04
5.557000000000000000e+03
1.263200000000000000e+04
1.039100000000000000e+04
9.951000000000000000e+03
1.922300000000000000e+04
1.789600000000000000e+04
5.152000000000000000e+03
9.549000000000000000e+03
3.426000000000000000e+03
3.991000000000000000e+03
9.639000000000000000e+03
1.381700000000000000e+04
1.897600000000000000e+04
5.378000000000000000e+03
3.400000000000000000e+01
1.844600000000000000e+04
1.136300000000000000e+04
4.399000000000000000e+03
7.796000000000000000e+03
1.725000000000000000e+04
1.895600000000000000e+04
1.311400000000000000e+04
1.101200000000000000e+04
6.234000000000000000e+03
1.152900000000000000e+04
1.203900000000000000e+04
1.267000000000000000e+04
1.823000000000000000e+04
2.905000000000000000e+03
1.272900000000000000e+04
1.803700000000000000e+04
7.160000000000000000e+03
1.769000000000000000e+04
1.817000000000000000e+03
1.924200000000000000e+04
5.321000000000000000e+03
1.726800000000000000e+04
1.760600000000000000e+04
1.348900000000000000e+04
1.036000000000000000e+03
6.661000000000000000e+03
1.225500000000000000e+04
1.747400000000000000e+04
8.340000000000000000e+03
1.230300000000000000e+04
2.243000000000000000e+03
1.641300000000000000e+04
5.986000000000000000e+03
7.356000000000000000e+03
1.834500000000000000e+04
2.485000000000000000e+03
7.141000000000000000e+03
2.330000000000000000e+02
5.323000000000000000e+03
1.829200000000000000e+04
5.078000000000000000e+03
1.554600000000000000e+04
4.782000000000000000e+03
1.753300000000000000e+04
4.557000000000000000e+03
4.529000000000000000e+03
5.982000000000000000e+03
1.355500000000000000e+04
4.851000000000000000e+03
4.659000000000000000e+03
1.003400000000000000e+04
1.735200000000000000e+04
2.620000000000000000e+02
1.475900000000000000e+04
6.646000000000000000e+03
1.281000000000000000e+03
1.664000000000000000e+03
5.622000000000000000e+03
4.007000000000000000e+03
1.724800000000000000e+04
4.107000000000000000e+03
1.450600000000000000e+04
4.876000000000000000e+03
1.262000000000000000e+03
1.709800000000000000e+04
1.803300000000000000e+04
1.152000000000000000e+04
6.540000000000000000e+02
1.518700000000000000e+04
7.713000000000000000e+03
1.500500000000000000e+04
1.524100000000000000e+04
6.280000000000000000e+03
6.499000000000000000e+03
1.092500000000000000e+04
3.185000000000000000e+03
1.609200000000000000e+04
1.080700000000000000e+04
1.713600000000000000e+04
1.025100000000000000e+04
1.622400000000000000e+04
1.258800000000000000e+04
1.138200000000000000e+04
1.162900000000000000e+04
6.097000000000000000e+03
1.768900000000000000e+04
1.547700000000000000e+04
1.895000000000000000e+04
1.050000000000000000e+03
1.052500000000000000e+04
1.878300000000000000e+04
8.704000000000000000e+03
1.693400000000000000e+04
9.208000000000000000e+03
1.894800000000000000e+04
5.422000000000000000e+03
3.817000000000000000e+03
6.373000000000000000e+03
1.619500000000000000e+04
4.369000000000000000e+03
1.691000000000000000e+04
1.511500000000000000e+04
1.050900000000000000e+04
1.056300000000000000e+04
8.074000000000000000e+03
1.104700000000000000e+04
1.358000000000000000e+03
1.585300000000000000e+04
1.835800000000000000e+04
6.376000000000000000e+03
1.808700000000000000e+04
5.367000000000000000e+03
1.057500000000000000e+04
3.721000000000000000e+03
1.806400000000000000e+04
2.827000000000000000e+03
1.073600000000000000e+04
1.267200000000000000e+04
1.805000000000000000e+04
7.162000000000000000e+03
1.271300000000000000e+04
3.705000000000000000e+03
1.928600000000000000e+04
1.274100000000000000e+04
1.796000000000000000e+04
9.005000000000000000e+03
1.135700000000000000e+04
1.732500000000000000e+04
4.175000000000000000e+03
2.886000000000000000e+03
2.302000000000000000e+03
1.322900000000000000e+04
1.946400000000000000e+04
4.586000000000000000e+03
1.038800000000000000e+04
1.970100000000000000e+04
6.850000000000000000e+02
1.628500000000000000e+04
1.915700000000000000e+04
8.864000000000000000e+03
6.344000000000000000e+03
1.096100000000000000e+04
2.725000000000000000e+03
8.461000000000000000e+03
1.563000000000000000e+04
1.447200000000000000e+04
1.558400000000000000e+04
3.633000000000000000e+03
5.849000000000000000e+03
1.918000000000000000e+03
7.135000000000000000e+03
3.361000000000000000e+03
3.942000000000000000e+03
7.028000000000000000e+03
8.530000000000000000e+03
1.459200000000000000e+04
1.622300000000000000e+04
6.440000000000000000e+02
5.896000000000000000e+03
1.525400000000000000e+04
9.775000000000000000e+03
6.949000000000000000e+03
1.083200000000000000e+04
9.004000000000000000e+03
1.188600000000000000e+04
1.663300000000000000e+04
3.504000000000000000e+03
1.845000000000000000e+04
1.221900000000000000e+04
1.538800000000000000e+04
3.135000000000000000e+03
1.463300000000000000e+04
6.770000000000000000e+02
7.814000000000000000e+03
1.245800000000000000e+04
3.399000000000000000e+03
1.519000000000000000e+04
1.119500000000000000e+04
2.100000000000000000e+03
1.525300000000000000e+04
1.350100000000000000e+04
7.883000000000000000e+03
7.750000000000000000e+03
1.407500000000000000e+04
1.808500000000000000e+04
9.127000000000000000e+03
3.663000000000000000e+03
1.404300000000000000e+04
9.478000000000000000e+03
1.396300000000000000e+04
3.049000000000000000e+03
1.500700000000000000e+04
9.286000000000000000e+03
1.187500000000000000e+04
1.478000000000000000e+04
5.598000000000000000e+03
2.952000000000000000e+03
1.295400000000000000e+04
7.485000000000000000e+03
1.146000000000000000e+04
2.533000000000000000e+03
1.341200000000000000e+04
4.729000000000000000e+03
6.238000000000000000e+03
6.570000000000000000e+02
1.120100000000000000e+04
3.010000000000000000e+02
6.180000000000000000e+02
1.873500000000000000e+04
4.755000000000000000e+03
2.236000000000000000e+03
7.455000000000000000e+03
3.500000000000000000e+01
1.632300000000000000e+04
9.884000000000000000e+03
1.581500000000000000e+04
1.188200000000000000e+04
1.676100000000000000e+04
7.690000000000000000e+03
1.023400000000000000e+04
1.660000000000000000e+03
1.022900000000000000e+04
1.790200000000000000e+04
4.614000000000000000e+03
1.199300000000000000e+04
6.166000000000000000e+03
1.313100000000000000e+04
5.074000000000000000e+03
1.043500000000000000e+04
1.749600000000000000e+04
1.902700000000000000e+04
2.262000000000000000e+03
6.167000000000000000e+03
9.050000000000000000e+02
1.859500000000000000e+04
9.282000000000000000e+03
1.112900000000000000e+04
1.660400000000000000e+04
5.728000000000000000e+03
1.889600000000000000e+04
1.085000000000000000e+03
1.412000000000000000e+03
1.821000000000000000e+03
1.467100000000000000e+04
1.038900000000000000e+04
6.629000000000000000e+03
2.783000000000000000e+03
9.647000000000000000e+03
4.974000000000000000e+03
2.281000000000000000e+03
9.953000000000000000e+03
1.349100000000000000e+04
1.003800000000000000e+04
1.588400000000000000e+04
1.901000000000000000e+04
8.005000000000000000e+03
1.148500000000000000e+04
1.513000000000000000e+03
1.101500000000000000e+04
5.310000000000000000e+02
1.844400000000000000e+04
8.583000000000000000e+03
1.512500000000000000e+04
1.665600000000000000e+04
5.014000000000000000e+03
1.083400000000000000e+04
1.697000000000000000e+03
1.565400000000000000e+04
8.526000000000000000e+03
1.085000000000000000e+04
1.073900000000000000e+04
1.228600000000000000e+04
1.189900000000000000e+04
1.646500000000000000e+04
8.701000000000000000e+03
1.619000000000000000e+04
6.125000000000000000e+03
6.230000000000000000e+02
6.689000000000000000e+03
2.182000000000000000e+03
9.247000000000000000e+03
3.756000000000000000e+03
5.848000000000000000e+03
2.527000000000000000e+03
1.903200000000000000e+04
2.841000000000000000e+03
1.751700000000000000e+04
4.787000000000000000e+03
8.790000000000000000e+03
1.644400000000000000e+04
1.804800000000000000e+04
1.207700000000000000e+04
1.845300000000000000e+04
2.300000000000000000e+03
1.213600000000000000e+04
8.879000000000000000e+03
5.427000000000000000e+03
2.806000000000000000e+03
1.717800000000000000e+04
7.553000000000000000e+03
1.809900000000000000e+04
6.907000000000000000e+03
1.235700000000000000e+04
1.193200000000000000e+04
2.577000000000000000e+03
1.022300000000000000e+04
8.400000000000000000e+03
1.776000000000000000e+04
8.907000000000000000e+03
3.860000000000000000e+03
1.462200000000000000e+04
7.818000000000000000e+03
1.776700000000000000e+04
1.532900000000000000e+04
1.744000000000000000e+04
9.960000000000000000e+02
1.310000000000000000e+03
1.475600000000000000e+04
2.338000000000000000e+03
1.320000000000000000e+04
1.175200000000000000e+04
1.640300000000000000e+04
8.910000000000000000e+03
1.837300000000000000e+04
9.883000000000000000e+03
8.656000000000000000e+03
1.481900000000000000e+04
1.370300000000000000e+04
1.989000000000000000e+03
1.727300000000000000e+04
1.176200000000000000e+04
4.284000000000000000e+03
3.617000000000000000e+03
1.584900000000000000e+04
1.889300000000000000e+04
1.238700000000000000e+04
4.813000000000000000e+03
1.876600000000000000e+04
1.536000000000000000e+04
2.177000000000000000e+03
1.042500000000000000e+04
1.883900000000000000e+04
2.239000000000000000e+03
7.258000000000000000e+03
1.691800000000000000e+04
1.817800000000000000e+04
1.412800000000000000e+04
2.112000000000000000e+03
7.398000000000000000e+03
5.386000000000000000e+03
1.895200000000000000e+04
1.687000000000000000e+03
8.576000000000000000e+03
5.090000000000000000e+02
4.540000000000000000e+02
9.877000000000000000e+03
8.060000000000000000e+02
1.114100000000000000e+04
7.861000000000000000e+03
3.602000000000000000e+03
4.733000000000000000e+03
1.535600000000000000e+04
6.340000000000000000e+03
1.275600000000000000e+04
7.056000000000000000e+03
3.800000000000000000e+03
5.407000000000000000e+03
1.016300000000000000e+04
9.186000000000000000e+03
1.869400000000000000e+04
9.998000000000000000e+03
1.287900000000000000e+04
5.737000000000000000e+03
1.878100000000000000e+04
1.622900000000000000e+04
1.085700000000000000e+04
8.081000000000000000e+03
3.577000000000000000e+03
4.700000000000000000e+01
1.566300000000000000e+04
9.870000000000000000e+02
1.912500000000000000e+04
1.879100000000000000e+04
1.300900000000000000e+04
5.290000000000000000e+02
1.163700000000000000e+04
1.418700000000000000e+04
1.223500000000000000e+04
5.470000000000000000e+03
1.489300000000000000e+04
1.014100000000000000e+04
1.557200000000000000e+04
1.404400000000000000e+04
1.345300000000000000e+04
5.793000000000000000e+03
1.398000000000000000e+04
7.992000000000000000e+03
